     0.020126333 
    -0.055720667 
    -0.099494667 
     0.029104000 
   0.00090916667 
     0.048641167 
     0.010486000 
     0.024848667 
   -0.0092618333 
    -0.034033167 
     0.020949500 
     0.023337500 
    0.0076908333 
     0.053673000 
    -0.022035500 
    0.0055495000 
     0.059139333 
    -0.021929000 
     0.055998667 
    0.0012946667 
     0.030427667 
    -0.040697000 
     0.094697833 
     0.027157833 
     0.029359833 
    -0.025240667 
     0.068061167 
     0.083211333 
     0.034575167 
    -0.071565667 
   0.00023133333 
     0.053649167 
     0.046078833 
     0.012433167 
      0.11290917 
   -0.0085538333 
     0.029229333 
    0.0025826667 
    -0.036093333 
    0.0097205000 
    -0.093750167 
     0.069700333 
     0.015091500 
     0.022316500 
    -0.046537333 
     -0.21584850 
     -0.12419667 
    -0.027897000 
      0.10539550 
     0.029372833 
      0.10006833 
    -0.043807667 
    -0.040216833 
     -0.18885967 
     0.038017000 
    -0.020153167 
     -0.15088850 
    -0.096384500 
    -0.026649167 
     -0.13812083 
      0.14022667 
      0.15630283 
    -0.064377167 
     -0.15190667 
     -0.14068100 
      0.17956267 
    -0.070931000 
    -0.019237500 
     -0.31302433 
      0.10947133 
    -0.083964333 
     -0.19074867 
     0.088894833 
     0.022408500 
     -0.11819400 
     -0.18506150 
     -0.19981750 
     0.046150667 
      0.43241467 
      0.65479800 
    -0.054140167 
     -0.16405550 
    -0.073576833 
    -0.036987833 
     0.039496167 
     -0.12161883 
     0.058979833 
      0.51747700 
      0.60292000 
      0.22436200 
    -0.092400500 
      0.11278467 
     -0.14966883 
     -0.10781300 
     0.068448333 
     0.014600333 
      0.31741567 
    0.0098950000 
    0.0075026667 
    0.0016986667 
     -0.10650833 
    0.0034146667 
     -0.18566533 
     0.097758667 
    -0.010694167 
    -0.021023167 
      0.12702217 
     0.014916667 
    -0.030100167 
    -0.054886167 
    -0.075887667 
      0.10200533 
     0.024602333 
     0.040565333 
      0.11131133 
     0.080628333 
     0.023739333 
     0.080570833 
      0.14501883 
     0.059669333 
      0.14924233 
     0.046450333 
    0.0046308333 
     -0.12154217 
     0.051725833 
  -0.00070466667 
     0.081727333 
     0.022135833 
     0.033715000 
     0.064814833 
     0.090763833 
     0.029949000 
     0.075607833 
     0.025203167 
  -0.00045950000 
     -0.10175467 
    -0.024086333 
    -0.076419167 
     0.097989667 
    -0.051876833 
     -0.19239217 
     -0.10227383 
     -0.10872733 
    -0.099996167 
     0.043002167 
     0.059435000 
     -0.28565450 
      0.21612750 
    -0.070174000 
      0.30621550 
      0.12120483 
    -0.062492000 
    -0.015228333 
      0.14526350 
    -0.036121667 
     0.032401500 
    -0.075447833 
     0.041176833 
     -0.17210617 
    0.0013735000 
     0.086192500 
    -0.084504667 
      0.13476333 
     -0.10630283 
      0.39270717 
   -0.0073568333 
    -0.080861833 
     0.016380500 
    -0.018422667 
     0.029556833 
     0.026379000 
     0.015685000 
     -0.26859450 
     0.066273833 
     0.036962333 
     0.023464667 
     0.037930667 
     0.049293833 
   -0.0018821667 
    -0.016939000 
   -0.0067935000 
    -0.020517167 
     0.016724500 
    -0.055008500 
    0.0097185000 
     0.067014500 
      0.12863083 
   -0.0059368333 
    -0.021161500 
    -0.062280333 
    -0.033467500 
    -0.082331167 
      0.13061033 
    -0.016618833 
    -0.052293167 
    -0.044529833 
     0.030215500 
     0.023760833 
     0.045685667 
     0.027540000 
     0.048154000 
      0.10126000 
    -0.013928500 
     0.035364167 
      0.16706167 
      0.13328233 
      0.11244300 
     0.035157333 
     0.084132333 
     0.010536333 
    -0.064217667 
    0.0028013333 
     0.034694333 
   -0.0042563333 
    -0.088615667 
     0.098190667 
     0.045280667 
     0.013637167 
     0.041020667 
    -0.029161833 
     0.065884167 
      0.10514467 
    -0.012835833 
     0.028955167 
  -0.00010800000 
    0.0011716667 
     0.022702500 
     0.069239667 
     0.042668667 
     0.086275667 
    -0.056936000 
     0.088709667 
     0.029385500 
     0.036681000 
    -0.035422333 
     0.065076000 
     0.062430667 
     0.064402667 
     0.097514000 
     0.023614000 
     0.094126833 
    -0.067199000 
     0.057947833 
     0.051412000 
     0.054441000 
    -0.049279000 
    -0.041181167 
    -0.075659167 
     -0.13622300 
    -0.011858167 
   -0.0029521667 
     0.046619833 
     0.029973000 
   -0.0077291667 
    -0.030272000 
    -0.081806167 
    -0.037498167 
     0.056678000 
     0.061614833 
    -0.017463167 
    0.0051273333 
     0.032479667 
    -0.029741000 
     0.021137500 
    -0.016675500 
    -0.060595167 
     0.095263500 
     0.040040833 
     0.086293833 
    -0.013194167 
    -0.054548167 
   -0.0024826667 
    -0.043224167 
     0.052008833 
     -0.10719067 
     0.013247000 
     0.016977333 
    -0.042263000 
     0.058021833 
    -0.032763500 
    -0.043657167 
   -0.0088250000 
     0.061494167 
     0.024919000 
     0.042855833 
     0.038426833 
    0.0096006667 
     0.069082667 
     0.039184500 
     0.014719667 
   -0.0027138333 
     0.046780000 
     0.031855667 
    -0.075878000 
     0.049902000 
     0.051291167 
     0.053557333 
   -0.0066640000 
     0.031326500 
     0.082861000 
     0.075269333 
     0.010446167 
    -0.034903333 
     0.039517333 
    -0.026694500 
    -0.046199500 
     0.061855667 
     0.046198167 
     0.021975333 
    -0.024569833 
    0.0062801667 
     0.013782167 
     0.016401833 
    -0.021782667 
     0.028003000 
    -0.046158000 
     0.022535500 
     0.029628167 
    0.0097948333 
   -0.0017026667 
    -0.016769333 
    -0.012657333 
     0.054288833 
     0.021081500 
     0.022848667 
     0.010344833 
    -0.011940500 
    -0.025885000 
    0.0043246667 
    -0.032853000 
     0.016035833 
    -0.053162000 
    -0.012240500 
     0.037230333 
     0.020343667 
    -0.016649833 
     0.070517667 
     0.013151000 
     0.028541333 
     0.015838833 
     0.042685333 
     0.011581167 
     0.071630333 
    -0.010099500 
     0.043436667 
   -0.0073130000 
     0.091286667 
     0.087341500 
     0.013163500 
     0.042041167 
  -9.6833333e-05 
     0.021044667 
    0.0072023333 
     0.033671167 
    0.0064520000 
    0.0040615000 
   -0.0095321667 
    -0.019419667 
     0.053669333 
     0.021070167 
    -0.022606833 
     0.032062333 
     0.049532000 
    0.0015988333 
    -0.041719000 
     0.019678000 
     0.038146500 
    -0.019315000 
    -0.038290500 
    0.0046641667 
    0.0087980000 
     0.015101833 
   0.00093916667 
    -0.025445333 
     0.019950667 
     0.023291833 
     0.018887333 
   -0.0091836667 
    0.0034235000 
    -0.052347000 
    -0.054744333 
    -0.068935000 
     0.018942000 
    -0.051132667 
      0.10509933 
    -0.012715500 
     0.035156833 
     0.029194000 
     0.038986167 
     0.031239167 
     0.053732500 
     0.028330167 
     0.051012167 
     0.031186667 
     0.040566833 
     0.037142000 
     0.039470500 
     0.025547000 
     0.010826333 
     0.023331833 
    0.0054303333 
    0.0022720000 
     0.028333667 
    -0.017922833 
    -0.048586833 
     0.020700500 
     0.012395833 
     0.017940000 
    -0.041958833 
    0.0049536667 
    -0.026559333 
    -0.021605667 
     0.023380000 
     0.020155000 
    -0.019638167 
     0.033562000 
    -0.060721167 
    -0.024261333 
     0.045482833 
     0.035843667 
     0.080718000 
     0.057826667 
     0.048645333 
    0.0078251667 
     0.039881167 
    -0.044048833 
     0.010211333 
     0.019400333 
    -0.031355000 
     0.019477500 
     0.044524167 
   -0.0055181667 
   -0.0099096667 
     0.013405667 
   -0.0081590000 
    -0.070305000 
     -0.10014750 
    -0.087386000 
     0.061569500 
     0.035136667 
    -0.066118000 
    -0.041775000 
      0.11905400 
    -0.028059667 
     0.086754833 
    -0.016820333 
    0.0097146667 
     0.024508333 
     0.029958500 
    -0.012852000 
   -0.0088506667 
     0.039584167 
    -0.013233000 
    0.0094173333 
    -0.018614167 
   -0.0071275000 
     0.029188667 
     0.022254667 
     0.022570000 
   -0.0017585000 
    0.0049870000 
    0.0075685000 
     0.027445167 
   -0.0088471667 
     0.035311667 
     0.015965167 
   -0.0034943333 
    -0.015237500 
     0.068230500 
     0.029117500 
     0.012224167 
     0.038344167 
   -0.0089550000 
    -0.086869667 
     0.025438833 
     0.038691500 
     0.024162500 
     0.055471500 
     0.043371000 
     0.039239167 
     0.060394167 
     0.025149167 
    -0.012464833 
     0.042784000 
    -0.089789833 
   -0.0087041667 
    -0.020104333 
     -0.10464150 
    -0.022552667 
    -0.018364167 
     0.037299500 
     0.013356000 
      0.16831467 
     0.038630500 
     0.054901500 
     0.039031500 
    -0.010804500 
     0.078725500 
     0.080076667 
    0.0032028333 
     0.059364667 
    -0.024051500 
   -0.0023805000 
     0.076635000 
     0.019976667 
    -0.060033000 
    -0.015284500 
      0.13845767 
     0.086800667 
     0.011840667 
    -0.030587500 
     0.031825500 
     0.064506333 
    0.0023498333 
     0.067977667 
   0.00082750000 
   -0.0066246667 
    -0.090446000 
     0.015566500 
   -0.0015835000 
    0.0013941667 
     -0.11880483 
     -0.10124383 
     0.046342000 
    -0.030405500 
     0.086786500 
    -0.060451500 
    -0.071858833 
    -0.044993333 
     0.034942500 
    -0.029018833 
     -0.16738967 
    -0.095849667 
    -0.078844667 
     0.054347500 
     0.056390333 
      0.12143433 
    -0.062976500 
  -0.00068650000 
     0.077618500 
      0.13271200 
     0.045224167 
     0.053730500 
     0.024023667 
    -0.052656000 
    -0.021307500 
    -0.057851667 
     0.037403667 
   -0.0082838333 
    -0.060794667 
    -0.037340000 
      0.11431883 
      0.10128617 
     0.039186500 
   -0.0037935000 
   -0.0014765000 
    -0.020956167 
    -0.036855833 
    -0.032416500 
    0.0086895000 
    -0.034484167 
    -0.017551167 
     0.047143667 
    -0.024048000 
    -0.042666833 
    -0.077769167 
    -0.031347833 
    -0.077114167 
    -0.087322167 
    -0.038607667 
      0.11468733 
    -0.056002000 
     0.081484833 
   -0.0061188333 
     -0.18847850 
    -0.044522667 
      0.13638750 
   -0.0020451667 
   -0.0099973333 
    -0.067163167 
    -0.082509500 
    -0.038804833 
    -0.052140333 
    -0.097530667 
    -0.085094667 
     0.096757333 
    -0.060451000 
    -0.088483500 
      0.32709733 
     0.038945167 
     0.088637000 
     0.023525500 
     0.065577667 
     0.076770833 
    -0.025351333 
    -0.056809333 
    -0.045936333 
     0.014542000 
     0.020846500 
   -0.0089403333 
      0.21733550 
      0.10663117 
    0.0019835000 
    -0.022883667 
    -0.028203167 
     0.032258333 
   -0.0069903333 
    -0.021192000 
     0.017506167 
    -0.030309167 
     0.022517500 
     0.099048333 
     0.024173500 
    -0.014667833 
   4.7833333e-05 
    0.0091943333 
   -0.0073271667 
     0.060447667 
   -0.0059043333 
    -0.019230833 
    0.0041541667 
    -0.034279333 
     0.075912000 
    0.0053580000 
    -0.026204500 
     0.011053667 
     0.065775833 
     0.075039167 
     0.054341333 
   -0.0055338333 
     0.051074167 
     0.082283833 
   -0.0063325000 
     -0.19889733 
     0.047141500 
   -0.0020738333 
     0.089670667 
    -0.032355333 
     0.084540333 
     0.014549833 
    -0.014782667 
     0.047166500 
     0.013804333 
     0.072686500 
    -0.015400167 
     -0.11039100 
     0.064156333 
     0.047269333 
     0.084055833 
    -0.035903667 
     -0.16881650 
     0.052230167 
     0.070070000 
     0.036196500 
     0.092698500 
     0.048192667 
     0.023433167 
     0.014520500 
     0.040896833 
    -0.037499833 
   -0.0086101667 
    0.0015046667 
     0.072282500 
    0.0064081667 
     0.011675000 
    -0.014881167 
    -0.033524833 
    -0.081918333 
    -0.087107000 
     0.061214667 
     0.024977333 
    -0.028621500 
    -0.030328833 
    -0.052954167 
    -0.015875000 
     0.037447500 
    -0.038168833 
    -0.035349833 
    -0.021232500 
     0.090233167 
     0.017875333 
      0.13499283 
     0.079279333 
    0.0096793333 
     0.064969500 
     0.045420500 
     0.042318167 
     0.064209833 
     0.068996167 
     0.032983833 
    -0.027629500 
    -0.027580167 
    0.0060251667 
    -0.053136333 
     0.043618500 
    -0.018234500 
   -0.0028633333 
    -0.057515667 
    0.0082291667 
    -0.018658167 
    -0.056811667 
     0.016825667 
    -0.050694667 
      0.10451650 
   -0.0039121667 
    -0.020608667 
    -0.034102333 
    0.0052083333 
      0.10897333 
     0.023251833 
    -0.019055500 
    -0.020149500 
     0.028425500 
    0.0060431667 
     0.011970000 
    -0.012361833 
    -0.055907000 
     0.021832333 
     0.054044000 
     0.031756167 
     0.015068667 
     0.067141667 
     0.051696333 
   -0.0053616667 
     0.033707833 
   -0.0020811667 
    -0.078750333 
     0.046329000 
    -0.056078167 
     0.031448000 
   -0.0050195000 
    -0.028903500 
      0.11157517 
     0.060069500 
     0.027020000 
    -0.027002167 
   0.00083083333 
     0.027010167 
     0.041580500 
     0.015088500 
    -0.019141333 
     -0.27192783 
    -0.057173500 
     0.043986667 
     0.069096167 
     0.063580000 
     0.013024333 
    0.0093015000 
    -0.019783667 
     0.051467500 
    -0.010691833 
    -0.035680333 
     0.022462500 
   -0.0081915000 
    -0.037901167 
     0.021144667 
     0.058718833 
   -0.0081100000 
     0.012640000 
     0.029384000 
     0.024316167 
   -0.0087778333 
     0.037746167 
     0.012394333 
   -0.0066115000 
    -0.062091500 
   -0.0027895000 
   -0.0078655000 
    -0.058879667 
    0.0060418333 
     0.014407833 
    -0.045219167 
     0.045194333 
   -0.0074786667 
    -0.026376833 
     -0.11423417 
    -0.085522667 
    -0.056398500 
     0.046568833 
   -0.0022521667 
     0.091495167 
      0.12820183 
     0.055658833 
   -0.0017173333 
     0.027308667 
    -0.045189667 
     0.023514167 
     0.016958167 
   -0.0068805000 
    0.0077718333 
    -0.041435333 
     0.047234500 
      0.11209833 
     0.036235000 
    -0.023761500 
    -0.017780333 
    0.0037738333 
    -0.037426500 
     0.030254000 
    -0.025293833 
    0.0041233333 
    0.0097535000 
     0.050504000 
     0.027014167 
     0.048630167 
    0.0023140000 
     0.030910500 
    -0.014948333 
     0.027072500 
    0.0057325000 
    0.0092183333 
     0.034716167 
    0.0082376667 
     0.028446167 
    -0.022235500 
     0.026129333 
     0.041542333 
    -0.016508167 
    -0.052019333 
   0.00085166667 
   -0.0012746667 
    -0.027758667 
     0.020200667 
     0.033366833 
    -0.012005000 
    -0.011522167 
    -0.041137667 
   0.00049200000 
    0.0093236667 
     0.022639500 
     0.012112000 
     0.022414667 
     0.022199333 
     0.023423167 
     0.033712833 
     0.011167000 
     0.014978333 
    -0.040124667 
     0.019468000 
     0.016590167 
